-0.851350 -0.430362 0.299986 120136 4.50 5185 BOO TAU
-0.854516 -0.442364 0.272243 120477 4.05 5200 BOO UPSILON
-0.832538 -0.455260 0.315626 121370 2.68 5235 MUPHRID; BOO ETA
-0.516620 -0.340203 0.785726 124674 6.62 5328 BOO KAPPA
-0.516566 -0.340233 0.785749 124675 4.53 5329 BOO KAPPA
-0.783738 -0.527010 0.328657 124897 -0.05 5340 ARCTURUS; BOO ALPHA
-0.574328 -0.388799 0.720405 125162 4.18 5351 BOO LAMBDA
-0.497820 -0.365687 0.786415 126660 4.04 5404 BOO THETA
-0.680262 -0.530672 0.505599 127665 3.57 5429 BOO RHO
-0.618178 -0.483318 0.619887 127762 3.04 5435 SEGINUS; BOO GAMMA
-0.677892 -0.542503 0.496138 128167 4.47 5447 BOO SIGMA
-0.732851 -0.618902 0.282648 129174 4.49 5475 BOO PI
-0.732838 -0.618922 0.282639 129175 5.88 5476 BOO PI
-0.669484 -0.587057 0.455143 129988 2.35 5505 BOO EPSILON; PULCHERRIMA
-0.533970 -0.543118 0.647995 133208 3.49 5602 NEKKAR; BOO BETA
-0.549614 -0.629489 0.549243 135722 3.46 5681 BOO DELTA
-0.498767 -0.618639 0.607057 137391 4.31 5733 ALKALUROPS; BOO MU
-0.498901 -0.618937 0.606642 137392 6.51 5734 BOO MU
