0.196967 -0.563223 0.802486 181276 3.80 7328 CYG KAPPA
0.227573 -0.567300 0.791442 183534 5.73 7408 CYG IOTA
0.340583 -0.814974 0.468850 183912 3.05 7417 ALBIREO; CYG BETA
0.236290 -0.572532 0.785095 184006 3.76 7420 CYG IOTA
0.311959 -0.632772 0.708718 186882 2.86 7528 CYG DELTA
0.389463 -0.743676 0.543383 187796 10.50 7564 CYG CHI
0.397684 -0.715183 0.574770 188947 3.89 7615 CYG ETA
0.443786 -0.620856 0.646213 194093 2.23 7796 SADR; CYG GAMMA
0.455649 -0.536182 0.710558 197345 1.25 7924 DENEB; CYG ALPHA
0.550096 -0.620639 0.558751 197989 2.48 7949 CYG EPSILON
0.525699 -0.538829 0.658259 199629 3.94 8028 CYG NU
0.520107 -0.498194 0.693752 200905 3.72 8079 CYG XI
0.644461 -0.575525 0.503428 202109 3.21 8115 CYG ZETA
0.591622 -0.519802 0.616271 202444 3.74 8130 CYG TAU
0.586355 -0.503385 0.634659 202850 4.22 8143 CYG SIGMA
