-0.631779 0.768751 0.099386 73262 4.14 3410 HYA DELTA
-0.637539 0.768210 0.058287 73471 4.45 3418 HYA SIGMA
-0.652353 0.755593 0.059283 74280 4.30 3454 HYA ETA
-0.660987 0.742022 0.111797 74874 3.38 3482 HYA EPSILON
-0.689030 0.717293 0.103583 76294 3.11 3547 HYA ZETA
-0.749393 0.660893 0.040394 79469 3.89 3665 HYA THETA
-0.777933 0.610046 -0.150548 81797 1.99 3748 ALPHARD; HYA ALPHA
-0.818627 0.573979 -0.019942 83618 3.90 3845 HYA IOTA
-0.818568 0.514094 -0.256231 85444 4.11 3903 HYA UPSIL1
-0.854288 0.468073 -0.226051 87504 4.60 3970 HYA UPSIL2
-0.867630 0.448825 -0.213948 88284 3.61 3994 HYA LAMBDA
-0.877905 0.381306 -0.289635 90432 3.83 4094 HYA MU
-0.915400 0.290277 -0.278893 93813 3.11 4232 HYA NU
-0.843478 0.099816 -0.527809 100407 3.54 4450 HYA XI
-0.829536 0.025673 -0.557863 103192 4.29 4552 HYA BETA
-0.865360 -0.310359 -0.393483 115659 2.99 5020 HYA GAMMA
-0.761087 -0.468092 -0.449039 123123 3.25 5287 HYA PI
